version https://git-lfs.github.com/spec/v1
oid sha256:6a474939bbb41128c6a6c94580b403276c4b6f44740503d4ecd453a370b7a0de
size 1803
